166
4907
6500
6686
5326
8392
6472
2227
944
7913
188
6862
1280
2594
5493
3423
3339
9811
8648
8580
2980
758
1358
1325
2173
6541
9276
6186
5518
6733
5017
4236
8260
9985
3972
434
3158
4547
8079
1341
358
2489
1678
7882
7999
8285
5159
2523
2257
2653
6547
4664
8014
5694
6398
6940
2292
7348
8903
8866
8723
3973
321
5803
1506
4934
1751
611
5365
785
2989
7248
4961
5958
9748
1128
6927
1876
1868
9128
5118
8631
5940
4632
3078
7676
6800
401
9589
2822
735
4255
5813
2782
6199
2350
9327
5447
1225
143
2450
5695
6503
4194
4146
2289
2355
8643
9349
2031
2569
8024
5299
7263
9959
9914
3649
2558
8278
1205
5610
6630
5495
4034
5786
352
4652
1923
6857
3814
8900
5606
6118
1549
2650
2567
7931
3806
7277
5638
249
88
1171
1859
6189
2671
4994
757
8987
8988
2703
8141
4012
5454
369
1550
8772
7922
9938
5623
8706
6218
3804
7401
9164
2230
3864
3636
5850
5967
7741
9279
4564
8047
4763
1468
5220
3673
7462
744
3860
2941
8506
8112
9294
40
9172
45
6727
5921
1594
5224
9663
5994
2829
4278
1995
361
1760
4785
3089
1091
894
4380
1890
4935
2431
2637
7302
1740
2025
9610
1703
1952
6947
8174
6664
6471
519
3843
7842
7102
44
1307
4376
7930
5216
6071
2151
4242
7890
6481
1012
9012
1120
8619
8058
998
2274
6450
306
6545
2665
4981
6345
3741
9156
847
8757
6539
1267
2409
6960
9506
5987
1880
2328
2269
8711
2555
7264
8008
7510
6763
4847
1228
517
4737
1598
4285
2961
4735
3930
2592
2195
8595
2086
8049
5034
4371
4893
1441
1318
1405
5355
2767
3681
3200
3683
1784
9013
4125
6665
8486
2575
3242
3203
1008
4494
216
4005
3068
287
2361
4661
1103
5550
7306
3436
2475
3928
3383
375
3999
1611
7372
3448
1194
282
8242
3259
7250
7003
6738
7111
1950
5633
4859
5730
224
9452
7550
1993
9263
6049
8139
5961
4688
2781
9237
1193
8702
8269
5801
8544
1320
6047
5332
3619
3734
4464
1825
9264
3367
5984
8572
30
2854
2736
3923
9350
703
2041
3015
877
1406
9876
5230
9
7222
4557
1928
182
3100
7309
95
4925
3142
1910
2547
7131
5922
9765
6766
7180
9325
5997
8405
5691
259
2593
1948
7165
4354
8304
1947
3596
621
7431
1006
4792
8695
3271
8885
3983
2799
9321
8291
2542
502
7646
9626
5925
3818
9056
9009
6897
6050
2261
6571
9969
1840
4394
5685
3184
6018
7140
1203
5461
9919
4643
8238
4173
8251
2926
3267
5271
2501
9146
8603
381
8717
6459
7879
7941
792
3897
6860
9644
8843
5560
1855
4535
6480
3002
8835
1761
2296
5776
8561
4087
7083
3170
390
6269
6881
3531
1278
7919
9724
1781
8614
2927
7670
8085
1326
7851
7400
9912
5877
9974
2302
4745
8660
543
5809
3713
1430
9314
8791
480
8221
1579
2802
1818
5222
4215
5625
5566
6200
976
8073
9710
7786
5421
8599
9260
6641
8083
3988
5005
4858
275
4073
8407
6978
7266
6872
4336
6379
3199
1805
7926
5041
2417
3712
8513
892
505
3132
9307
7492
5312
1142
767
8722
3472
5505
5205
2234
1272
6488
4876
8724
2556
9736
8840
8794
3386
3334
1615
4403
3845
7418
9952
7234
9613
5866
7976
4056
3460
1479
1481
9055
9383
3515
8685
2917
2883
5339
6828
4325
15
6081
9160
3557
2965
5555
8465
1636
7407
6031
5211
9771
3476
3125
2973
7269
6584
1541
3883
9069
7435
6108
2304
7649
6147
2083
5485
4259
2005
7468
642
7946
1469
6783
9394
5344
8583
4350
8610
80
215
7045
4221
2697
4473
1445
3246
8099
5923
6254
4639
4843
8416
7057
2099
125
4131
5191
181
8784
4928
7335
2626
9681
7751
2312
8641
12
6794
3545
8154
2685
4379
8016
1123
5099
2789
5768
1529
7858
8530
6037
1435
6849
8422
8254
7421
4128
4885
8113
1790
222
8331
7455
6007
7993
3234
393
8994
9588
264
2758
4437
5408
9257
7679
1578
6097
9569
8446
8742
5960
6165
8576
9353
8738
6769
8761
5136
7082
5903
552
1509
1576
6089
3902
5066
2352
8167
2656
2451
7962
811
10000
5747
651
2788
5347
4615
1919
3630
7816
8562
186
4916
4352
4428
9587
4902
7112
935
7508
5613
6281
6039
7972
1178
5292
2651
8891
1007
8890
6534
1676
6572
8090
9951
6417
7950
2315
9123
7949
1648
9188
3529
3392
8115
2987
2071
2490
4804
6795
3382
9461
4974
5372
9028
9573
5366
8272
5663
5297
3265
8726
530
8072
9711
5756
2875
9864
3743
3336
3975
7849
3070
5868
3048
1266
6956
8797
2816
6627
9871
9468
261
9032
6974
3165
9869
1186
2621
5564
608
6257
4662
4153
200
101
1820
7566
4576
8672
2213
7272
5163
8438
1885
9738
4192
9345
2004
2288
5672
648
8177
5243
6030
1981
9371
6949
5208
6120
1951
7121
8082
1814
943
4718
7276
6997
1988
7414
6558
6116
1573
927
6346
612
1136
439
1188
6029
4480
8208
6542
634
9572
3488
568
6177
6884
318
7974
8805
7350
7070
2760
6840
7969
4665
5250
5681
6499
4587
1531
9348
6833
5497
2696
346
1913
4364
6437
4359
5196
3183
7873
2766
344
7265
4181
3840
1175
3951
7767
5938
1846
3903
8487
6519
4154
8979
10
7246
2279
9333
5166
6529
14
1829
2313
170
6616
774
8027
8364
945
9997
3045
8508
506
7819
2496
2262
4657
3566
6563
2116
438
9877
912
6729
9905
151
8434
5982
3099
1614
3751
2819
3959
3351
4589
2865
8467
7498
1571
4486
6084
7480
5904
6330
7066
4768
4585
1470
5596
1649
1448
2405
7779
9249
6495
7611
7787
9806
1106
1713
7968
6090
3115
1651
256
2089
3941
1271
3212
3120
3236
969
4529
696
3509
5436
6767
4984
2460
1516
9955
6096
3462
1421
2479
9854
8021
7758
4653
394
2036
412
1957
2070
1404
2386
6246
2630
4562
1504
4451
5788
7658
2959
293
9197
1894
9577
7299
51
4353
8127
6909
6001
9507
9382
6550
7362
1353
1311
2396
5464
5956
1873
7120
6314
4147
3079
2728
3215
7567
7448
162
6524
1455
4697
9004
4413
5381
4109
5689
5078
9500
2704
5805
1985
3097
5508
4617
5411
1155
8387
9962
2764
718
477
5036
1335
1941
3009
3674
2521
2568
4031
1679
9484
3465
585
1954
7114
7867
5679
6166
2255
1697
8415
5733
7536
6604
4124
9074
4419
7451
6654
2326
5892
5611
5348
7691
1997
7490
963
5334
6937
4414
8624
6657
5898
4819
7055
6428
714
2639
1502
1745
4626
4831
9272
1980
5771
1930
6741
6764
8992
6945
6052
6178
786
1095
4374
7136
8912
4057
2904
9356
4705
8329
9412
5719
9586
8846
4506
1047
2495
3384
2156
9698
4702
9369
5895
148
1087
2426
4263
9528
1447
9447
596
89
8674
1086
3017
4167
8810
8623
1992
7748
8284
1970
5591
72
4488
8373
6994
5289
3
6456
4810
3422
3748
4972
443
7305
7443
7261
1522
9945
2937
7101
2604
9134
7727
7398
1657
2867
5313
3627
6294
862
4060
633
8046
4357
2731
9178
4307
7865
2343
7010
2848
6061
4583
6932
6744
687
9148
7545
4539
3320
8611
4958
6397
8646
1972
5810
8274
8244
6404
4279
7023
245
5948
4208
6685
3032
1463
3288
3219
6745
6304
6628
8958
6824
8095
2117
500
3028
3150
2273
9539
9870
6232
263
2248
8629
9219
6710
8410
7982
7186
1762
3185
325
8340
6066
3238
7535
1794
3173
4523
3498
1143
8985
6904
2162
322
3785
6308
5277
2183
7966
8563
7731
7625
7509
4901
5855
4241
5400
8827
4713
7470
7108
9725
4672
8280
3534
2842
5217
103
5402
7791
9625
2779
4797
9718
5442
702
8505
6586
5188
5692
220
6646
5770
5559
765
3984
328
8168
7327
4466
1853
2573
7667
5642
4197
2499
2692
8319
5705
4707
3645
2351
9638
9861
7677
9079
652
6303
334
8692
6114
5499
7939
3328
2287
3186
1386
9493
1176
9694
861
231
6122
9987
9826
6713
284
7270
9015
6223
5565
1375
9692
635
9706
3270
104
6203
9828
8570
1638
4132
8391
1586
8290
6491
4608
4142
4441
2449
2149
3034
1164
9775
4250
7876
5246
6130
5126
1630
2339
9213
1009
1243
8378
4708
8380
3878
7049
1209
6514
3732
2080
7260
9318
6773
2088
632
6163
5413
4522
4551
2929
896
6798
3501
3065
7660
9050
454
5993
5113
1093
8195
9092
8573
2748
23
4628
187
7680
9590
8693
5867
16
8752
9844
4621
4842
9153
377
6568
7502
5331
5561
2127
5954
7235
2535
2240
5525
4340
4647
2461
5833
9460
3558
5190
8849
1454
2483
4834
2152
7600
8034
4093
2103
9094
9395
2286
5658
117
9187
1936
581
9545
1369
9933
4436
4275
1235
3989
56
8889
3511
1231
4078
1467
5251
8148
7084
3710
9385
3064
8541
8283
1294
614
3592
3548
557
9730
3295
8764
459
536
4148
8344
8227
5115
76
5644
4951
4687
4123
2871
3616
8286
6222
6279
3776
145
5995
8780
9783
180
2548
8830
6286
1886
1107
149
9981
5020
5825
4402
9743
2211
4767
4065
1013
7026
9595
6899
3871
8001
3767
8998
8194
4762
9867
494
8306
6701
9342
6809
8633
6825
7575
7775
7685
4490
7172
7086
613
29
8639
9944
3011
8478
7377
2549
6317
2771
4821
4757
7378
8559
9481
7179
1211
2001
887
7512
7245
2857
6911
1771
5816
130
6353
9052
1841
6443
7957
8710
2168
803
6354
7958
1822
7805
8477
8447
7915
9654
4514
4603
4746
1655
207
2894
9194
7384
6700
6585
3055
288
893
1381
3109
6311
736
1314
5379
7781
6990
1508
900
1191
1735
3088
4328
8728
3136
9155
59
2579
9839
1524
1809
6876
1580
3022
8357
1869
5999
5410
504
410
6475
8149
9486
8118
3773
4390
5766
2793
7478
3450
4130
4427
2899
2990
27
123
6718
9127
8748
3728
270
6352
5841
3220
3795
983
8184
2591
6680
910
5783
1557
1069
3625
2090
6235
8368
7884
4517
569
3858
8214
6497
4454
3257
1969
2198
2145
8773
8220
933
4274
531
8205
7551
4288
9514
2456
7929
3794
5310
6569
1059
8262
5627
650
8765
5846
5364
2112
2434
1474
6149
327
7697
7143
3974
3447
3014
4554
5039
7657
2066
7613
6105
8105
9860
196
9508
8228
1613
8689
3416
4238
8052
2797
3346
7363
5473
6931
8160
6393
1872
7852
4667
566
2970
7698
8828
5067
9516
9170
5370
4261
3306
8358
9966
6087
7525
4041
8551
6003
5537
2876
523
5815
7304
7051
624
2543
2620
3085
6424
8537
3492
3276
2228
3122
2021
1757
4256
8935
227
3745
8464
6056
6831
6289
6054
9707
7326
1584
9559
2052
6413
4111
405
3101
5965
7271
3643
5791
3582
1498
1624
772
1998
9221
9376
559
1254
4758
5946
2776
1870
3651
9157
7193
9874
8684
5204
7830
8591
8977
2887
6966
2815
1932
9133
8650
1566
4028
7975
2324
631
341
4298
9714
4744
9943
6310
8766
2137
656
6277
1671
9548
1568
5445
8899
7280
4599
3128
4246
9267
9093
5170
4698
3750
6711
8484
6839
9007
2098
8821
6878
7517
5252
6463
1724
9934
5165
5702
299
6369
8565
4634
2332
3258
4446
294
501
3274
7811
920
7552
5422
3684
6187
721
7274
3303
3842
8133
24
7715
1884
2578
5359
359
9931
5962
5929
1808
8116
6861
6157
6355
4182
5777
258
4145
7630
7452
164
481
7956
9632
9003
8533
3876
6901
4108
1674
1042
6362
6010
7864
406
1484
4115
2318
4202
9235
2746
3823
4671
5225
9365
7955
6658
6155
4230
9142
5429
8750
9268
2945
1569
2453
3797
9790
266
2272
7359
3577
3775
5468
7013
9776
5509
5520
9977
8606
2294
3494
7434
6267
2979
9992
1426
4786
5535
7170
3576
5645
2849
7319
5398
5494
4706
7628
7361
653
5327
9655
1856
9019
7494
5407
3362
4863
400
9722
8915
3343
8182
3027
4832
2632
4411
1420
6348
1085
8054
8644
9720
1281
2862
9601
2544
1443
2423
7389
5620
5074
6590
521
3661
960
2063
5487
1559
4968
4781
7012
4836
1425
4424
7817
8719
6076
5612
2329
6167
8658
3300
8022
9879
9737
2787
6159
8295
5458
3371
5284
208
4829
4072
7714
1043
9640
2338
7668
55
6970
6880
335
7760
9384
4690
3250
5304
6321
286
9824
4795
218
9036
2908
7924
6776
5249
8829
7593
8666
1828
3114
466
2235
4156
7835
5259
7063
1591
7799
13
81
9843
8431
4435
5796
6980
8068
6198
7336
5732
6537
3922
4777
4971
5279
3137
956
8496
3289
3287
8971
2686
3859
1861
285
5519
9149
4198
7095
630
4733
3240
5417
1118
2818
1021
6623
9303
9255
7424
2346
6676
3572
1197
584
1437
9749
2470
5396
3282
6220
8299
465
1604
2095
9336
1000
260
3850
3606
486
3521
7642
1621
6843
3594
8655
7236
3475
3738
1480
5235
4801
2737
8476
4324
938
6836
4141
1943
5631
2068
4877
5015
91
7328
8081
4906
8713
5406
8328
6982
9889
9755
4127
1274
3709
2078
1719
753
993
304
856
2075
6606
8276
8258
9011
6806
4196
4407
3342
9593
6859
4164
7324
9840
5160
8709
1440
850
3380
4696
4022
3641
2895
5215
2957
4917
4979
7342
3960
9576
5749
6760
1094
121
9375
1915
3485
1395
913
9439
6942
5101
1329
1131
4593
6594
1019
8449
8736
9549
810
2275
9926
5622
3638
7220
6920
8574
5346
8255
8973
3865
3302
5968
5008
2828
4780
7315
7844
7440
8000
4894
9531
4879
2864
7126
845
3146
2399
4701
839
3156
6337
9454
2853
2538
3817
6918
8779
1542
4417
6383
5781
9779
2176
6
5773
5257
3617
518
9723
3766
3148
9758
9729
2963
7134
9101
8649
5295
5819
2505
6113
5896
6150
7607
8887
5941
8498
7173
9881
8189
4133
4761
9766
1851
6034
8687
8913
5839
323
1397
8842
1510
4187
2135
1183
9679
8061
1767
1742
343
9121
9400
4097
2245
9211
8980
2507
5930
3427
8064
5434
2510
6215
3957
1390
75
1949
7130
2896
7439
9430
3209
4620
6339
1561
8169
9274
3730
7538
6016
8337
3398
9044
4851
1715
731
6380
1067
3385
6948
9525
6714
1345
8456
5680
3103
5167
6085
663
2968
2433
8376
1391
6561
1848
3690
2928
5358
3221
430
7411
7104
7871
3833
4052
874
8119
6892
6695
9666
3292
2817
1921
8101
9379
8117
190
2647
4558
5927
6088
3618
5729
8266
1526
9407
8031
2424
1911
4292
6080
1285
2319
2476
2430
2382
9196
5992
610
6146
6336
5086
9794
248
6006
8245
3243
7973
1408
3329
4561
3456
3631
7182
9942
9691
4283
7144
5840
8327
2560
7669
3260
602
9090
471
746
4387
5033
1005
8180
4355
9993
4927
968
6367
4660
846
5207
1111
5909
9740
1641
9242
9544
6905
5308
1462
4389
4069
1608
930
3562
3461
8616
2244
1929
872
3539
7989
4114
8601
1115
5853
3285
4058
9753
1800
3207
1374
179
5529
452
4545
853
4802
9266
6595
6023
8679
9757
5197
3111
5456
9702
6709
3800
7753
5592
8239
5532
5522
8162
4973
1565
7145
6981
4532
844
4440
3798
2180
5545
6837
8700
9883
6143
8453
2238
6299
7565
6808
1645
9482
7732
3178
6508
9360
834
8124
3145
9643
3192
1478
6506
2345
7995
2902
6125
6855
7608
4905
4252
9014
1562
5511
4536
3139
959
1775
1082
2654
5851
3654
9754
3784
4011
2293
4559
1555
7561
229
2009
2646
4102
2428
2657
2003
4543
5161
5373
7357
4811
7651
9417
4497
2615
2403
5657
7028
5608
5710
2300
6169
3877
5450
4418
9232
5110
2755
9494
52
6201
1234
9173
1520
9629
3862
360
5595
1986
4351
9150
4782
8514
6148
5240
1222
2012
3396
7925
1926
9936
8990
6673
4211
4465
6813
9388
701
992
8511
2870
7463
7591
4373
6579
6852
7902
367
1662
8927
3459
485
1263
9768
9488
586
387
8758
4910
1232
9983
1599
7228
7161
4019
7238
9505
514
1159
9125
283
1312
1675
3792
6333
3001
3698
1691
4062
8279
356
419
1027
9575
1922
6000
7507
3213
7074
9489
329
3232
8960
9359
6461
5317
6173
9403
937
7024
3312
8944
8018
2277
9005
7211
688
290
4321
9354
6896
4448
8519
1609
6258
5475
5127
8832
3786
2114
2847
9964
8371
6399
5526
3223
3993
433
5792
829
4178
783
8448
1743
5338
9366
8999
911
2069
6513
8841
9636
9721
5263
4293
8515
6290
8897
8314
3612
8264
3686
1432
3620
8550
9037
7907
7778
5084
3944
5882
4501
958
6703
5397
7196
838
5102
8621
442
2769
5012
274
7307
7633
429
8236
6131
6180
7529
7117
2395
2754
1166
1262
1039
6577
708
4450
7087
8918
1092
5345
8222
211
2411
6259
244
4756
2514
2770
503
1365
6458
5704
8850
2267
5905
5832
7505
9609
3910
7262
4890
9845
7934
1346
7156
4063
9171
1864
513
7901
7733
6153
5378
8532
5951
4946
8678
2347
4714
8880
9922
609
5274
9892
4014
6660
5818
7673
1038
7119
213
3514
2761
8584
8494
6528
831
1461
1967
3632
6967
3430
1033
1525
3666
6366
374
7897
2370
4600
4399
532
1597
3058
6817
5492
4873
6991
662
6877
9504
3810
1337
1114
1815
1477
8097
1739
7273
268
7373
1494
1500
496
339
3575
6575
4348
1170
5089
3772
6706
7771
4150
6961
540
7282
6498
8191
6549
4188
2454
2111
8664
5953
756
7297
6699
1898
9463
6916
8218
204
8408
9064
4422
7514
351
8760
6266
140
2321
473
4059
6602
3205
301
3707
1575
4884
3538
640
8418
3013
9391
3682
6306
4138
4538
6378
8974
6179
372
6342
1239
6621
2498
8326
1342
6158
7964
724
6338
5713
3544
4722
3397
4453
5134
1656
5451
4101
9947
2561
1277
9664
9180
9298
2506
4856
4152
3134
6280
3151
1497
1817
2443
9399
2625
560
7696
4818
3143
1903
8490
6470
3026
124
2133
3523
6515
6476
5990
5602
9649
1728
6117
1168
8556
2540
9678
5533
9564
2336
1403
8125
7177
3073
1308
9751
4345
7718
5148
6969
5789
2517
4020
4515
7845
79
3761
9558
3067
5021
5572
9726
4883
4299
8489
8575
2177
6040
1514
2566
2562
5794
5703
9838
127
8795
2477
7629
2266
2109
8799
4622
6240
5897
8814
99
2331
4237
146
6816
7712
5415
5302
9238
925
9978
4273
4061
2216
6526
1187
9984
4444
8050
6858
2694
6624
1327
1185
4083
1132
2546
8092
974
7036
7033
3516
4740
5879
5496
4176
539
6847
6589
1979
177
3435
2611
6926
7752
6192
8088
8421
7717
3247
6511
4991
3119
583
9143
4264
5724
3325
5193
7894
689
7734
3790
1389
6734
1823
8920
2837
1730
7349
4105
9174
5122
5318
3333
9299
2006
3565
4458
8348
2512
6772
5735
2850
2076
8353
3403
5324
1585
3598
2065
1322
184
693
5579
7694
4806
6999
5660
4774
2882
9017
4631
2139
7352
2049
1791
1811
198
9639
2700
60
9502
7836
6445
1937
3076
2436
1685
9847
3932
9223
1264
5795
5253
2306
2612
6694
8207
5725
3735
737
31
2922
1632
2189
1153
1063
9554
830
1034
7369
291
3890
3979
9820
5971
3176
4650
253
5814
4933
9989
67
1238
4967
5806
5070
7040
4395
9450
8041
2372
8837
5600
6756
4382
9924
1112
178
8906
4896
8774
4210
2629
6762
7475
3637
8883
2241
1721
7798
9414
8745
4006
7500
5100
2964
6600
4360
3008
1963
8870
6893
6408
3081
752
2051
7806
5782
2224
2986
2335
2777
3007
432
4673
1296
5130
1249
904
5441
3588
4008
9165
214
4282
9281
2741
6188
6952
6374
7558
7833
1011
4716
1844
2925
5023
4033
9072
1693
4016
8413
1684
1556
9084
2371
1147
4912
9304
2889
6145
1753
8965
1759
751
9282
4470
7106
9184
4338
7020
8393
6691
2644
3374
6185
2140
373
488
7011
6477
114
813
5482
6662
1088
9855
5900
2
5697
6244
5761
5975
4711
9976
2171
666
9641
7229
9819
5091
4229
9239
7725
131
7206
4467
6638
6449
1053
7132
8181
1971
7149
2675
6301
512
7240
2203
6434
6111
3350
6891
1966
8323
450
7318
4959
9216
3982
314
9746
2718
1078
9543
1223
4521
2042
4727
8986
1288
2284
243
2373
3685
247
4365
1553
2784
8793
1207
2085
7453
122
6492
2486
2892
1736
7081
4447
4678
5924
9215
8296
8647
4845
734
2878
1323
1750
7917
1002
3108
4654
9956
9451
2843
4998
3542
4337
409
7085
9795
1438
5025
3144
5666
8077
1237
6637
2683
436
1710
3603
5772
1795
183
7035
6079
5013
1001
1350
2722
6357
3264
7073
8429
5270
3961
7428
691
3060
4113
5964
6968
873
1332
6102
7187
3033
5236
3648
97
7506
4121
3193
5169
4217
4723
3791
6964
6410
6483
5548
9151
3893
2981
320
1902
1804
8740
5516
9210
5425
8950
1383
5200
9581
64
3783
1184
3286
6053
3722
9398
2400
4694
7466
9022
1162
205
9823
3549
3963
8129
6958
1433
8663
3615
9120
9241
7918
2845
8211
3628
1835
9132
7162
9496
8874
2205
2072
1117
7171
5213
5616
3702
6099
4878
6127
7793
8164
2130
7911
7622
483
1944
9697
3809
8588
6610
5800
5085
417
858
8171
5185
3263
8398
4919
4239
1513
4037
973
6320
5319
5906
903
6533
5748
1708
1779
1511
5886
8688
2956
3779
882
2229
8298
8025
740
2107
4868
5617
2785
9665
2185
2394
8379
5554
3739
605
5229
6551
1908
78
8878
9578
6879
4677
7664
3283
7810
7098
5471
1827
6678
6106
878
8776
3020
8704
4505
9963
2232
6005
5513
6557
3658
7582
4281
8976
8385
1881
7216
2115
6210
3994
949
7212
1248
3401
970
2717
8322
6652
3046
8867
1647
6340
2519
3646
6326
996
8932
1918
7065
4682
5607
4295
922
3262
3586
18
5173
4771
3272
4363
8395
221
9611
3280
4265
7954
3431
8089
1379
6708
5114
4362
5829
2359
2178
6826
851
2608
7977
228
5778
8924
1738
8070
5932
6255
6142
9161
9999
1917
6313
43
5567
9868
5785
6591
289
4309
866
8003
562
4
1860
739
3763
7008
9733
397
860
7197
9607
3727
3811
1714
2587
4649
6274
1726
273
4783
1643
3553
8435
1959
8078
47
2586
1221
4853
2668
9825
7540
5419
4770
5392
9289
9166
710
4383
7571
8159
9684
1287
2709
3474
9624
871
3467
9078
2462
3030
1182
6643
1534
5551
2811
2958
3364
8907
5636
6386
8555
2166
9792
7895
2915
212
4066
916
5399
6938
6170
4495
6368
8831
1241
9674
4765
2360
2581
1045
4366
5219
5881
2413
2197
9363
5286
4212
7821
8257
4172
4258
5356
1810
8370
1619
385
5911
1362
206
8560
4080
7719
4606
4619
2580
617
2252
9001
1673
1495
995
4891
2610
5022
2742
7692
6025
9435
1518
2247
3254
7195
5498
7204
9424
5945
5258
7634
8788
5802
1295
4356
7838
6094
8091
4358
163
2734
8042
1409
6725
5352
2356
8656
3443
2954
3894
5438
8817
8967
9114
5708
5320
5261
5264
8495
7763
4112
9837
3359
8730
6276
2966
814
8463
5757
1265
7100
3569
4189
399
2859
7534
3066
2791
7862
8694
716
2877
5349
464
1617
5683
6433
5037
9110
9445
5847
4730
7243
8128
8400
7107
2830
5404
1080
7644
859
3179
9018
7532
5891
6196
8482
7148
9972
1642
4134
6791
3399
3062
8472
238
4663
3319
1777
1874
9095
6271
3355
6091
9716
7739
5856
3827
2803
8312
6496
4948
6211
6360
9061
8017
759
8602
9950
4598
7427
5857
2801
9660
2366
8582
9583
7662
6191
4218
9107
7822
2278
2480
8382
5594
2515
8335
7399
4081
4887
5016
6077
9928
1633
906
5604
2623
189
1528
3044
5844
1388
2730
6439
6436
9062
6382
3168
2040
1843
1491
3870
3926
7971
4077
4947
1331
4445
835
2627
6951
7921
4625
8800
6532
6712
8677
4026
116
2199
3040
9888
4017
2307
9487
4703
2873
3660
4779
6523
6403
9408
7402
5054
1960
5047
9346
1387
5035
3506
7029
4578
8469
9782
9042
8661
7681
8292
1596
950
2010
5530
6939
8441
764
415
2497
9275
2574
2537
5293
9798
8156
5651
3230
1595
6647
4549
7459
7648
6478
3400
1376
1527
7615
4636
4289
4136
7353
6976
2914
1517
5180
6182
3695
8771
907
8864
3540
3650
815
4175
5707
1996
2233
2192
3042
3075
3947
5431
9409
8173
9108
1485
984
8390
4942
2147
6583
8389
7616
9781
9796
74
5908
5799
7928
1377
3920
3717
3718
8854
3812
2348
3394
8320
8350
3662
8825
1786
2601
3164
2649
6241
3929
4431
9511
2377
5549
4645
3740
674
1702
8698
7420
4009
3190
1070
6072
6243
365
5175
7903
4079
3635
8460
9431
8732
6124
3107
7790
2502
7809
1938
1084
9600
1640
4185
8311
7077
1202
8150
5737
7815
5029
5779
7300
6300
3429
7176
8701
9522
7364
3159
6799
2531
6721
4326
2667
4207
1135
6681
5674
7635
3381
2087
1493
5646
7416
9596
6642
8527
277
2603
4641
2906
4219
7828
5388
5845
2334
1364
6988
5491
6216
4070
7899
1283
5353
6296
1803
7888
948
36
4384
9352
6788
8620
3439
895
5018
7539
9850
4316
4691
105
118
771
368
8224
8271
469
6807
7446
3921
4381
694
8144
7526
7896
8497
9292
2187
3578
2167
8930
4277
4679
7202
7604
3555
3452
226
4613
141
8783
905
4190
2923
5977
209
7449
644
8956
5619
6151
6666
2270
5656
3458
1023
6943
6863
4030
863
5157
9234
1704
4759
1165
8590
1535
6603
8628
8975
5460
2303
6910
3204
2570
2392
25
165
1741
5154
357
9858
6448
370
915
4725
3293
2100
3571
1300
3153
85
8437
2378
8875
7709
1705
8714
1882
2271
812
7018
4032
7996
9322
9570
6208
680
5416
6046
4729
2609
4206
9541
1292
7031
9313
2660
8871
3777
5440
8716
2305
7978
3639
2911
4038
8708
5688
2357
8110
7366
966
9191
2944
5884
3611
235
1933
6614
8604
6821
5011
109
5763
4139
6801
5848
5449
4216
8423
3621
7128
1177
833
7481
1022
1909
5614
1416
7603
355
5266
7485
9604
2533
3520
5116
5315
2410
8659
1105
3861
3096
555
1451
6194
5455
1245
2493
5764
7645
8199
8051
7321
2809
418
2564
9393
3945
6871
3425
654
7808
4601
315
3901
5859
2916
1206
1989
2932
2823
7631
2824
2749
5076
1812
4862
9884
4750
8053
6012
6618
9552
972
3490
588
2174
9083
9580
2971
3608
9777
4766
800
4586
3991
5978
578
2218
2254
9812
1605
8454
4502
5387
3424
8627
3799
8247
2058
6197
11
3819
7542
6509
6868
9602
449
7436
9752
8789
8785
7314
2172
1037
1631
9421
1577
4607
9147
8743
5583
5179
7123
2947
936
312
6400
8523
9436
6827
7308
5928
3298
8451
3653
7650
5075
9705
2509
174
6013
9320
8778
4567
1172
9195
6732
1644
4799
2017
4518
7782
4693
4640
5322
7951
3759
7711
3126
9852
2420
3415
8593
9041
7491
5426
9315
6104
9116
4709
3363
9791
9006
857
5133
2067
9429
7479
6262
7135
9167
2913
342
6228
9940
7854
9300
9515
4170
6287
5477
627
7275
9478
1900
9813
661
5760
2858
112
2943
7316
7445
6075
9551
1623
3657
2380
8804
3692
507
1276
7560
890
7159
8132
2539
6802
5599
6661
787
3905
3629
1977
4396
144
2408
7489
706
9801
7017
6645
6979
2826
8640
8721
4881
9246
3482
7355
3607
8902
9177
7583
4669
7803
3770
7110
3405
977
3241
6444
4317
5546
3121
909
7684
5384
931
5752
4565
1994
9622
84
8598
8111
5793
2820
6959
6962
3191
402
4929
3609
4882
2792
5745
467
7908
3245
6683
8093
4024
5712
8343
8375
6364
8503
1826
4421
8039
2681
6073
3239
4918
6283
8011
9465
4067
3561
2310
7219
9247
3171
5901
5950
9696
5237
6811
9427
9990
7764
7703
8142
4773
1664
6597
4323
5181
9512
5647
2048
7487
8057
3908
5158
2138
6083
9851
2007
8356
5433
87
7390
820
1026
3504
9603
4880
2504
790
9259
233
1181
8853
383
4086
3689
444
2035
1428
5715
4815
8962
2314
69
3451
46
7244
448
2545
9880
3584
9099
3031
9124
2393
9233
8187
8953
4054
6596
7367
3888
7774
489
9459
4201
1842
3182
8235
9020
9483
4695
6667
1402
6854
3726
4213
2590
1590
9814
3404
472
4244
1652
9563
1075
1707
7368
5098
1149
8232
4253
4602
3483
5062
593
3202
1096
2518
1661
8108
5391
3834
6384
3796
8522
8100
8404
431
7856
5731
5912
8360
1871
8919
3841
1487
9091
4571
7370
1692
5744
9695
620
7564
2202
5303
155
1701
3469
5323
4457
9521
4179
3470
7812
5256
9334
8483
3676
3623
6261
4462
577
252
5593
8253
1503
3434
3719
2708
9527
2910
7288
173
1079
4717
6432
3873
6454
6963
7127
9244
3634
6929
5709
7686
7961
6027
4260
5787
1658
8826
9270
4852
5068
161
7287
8657
5092
7656
2934
9501
1769
5083
4332
7115
2455
4520
9901
2879
6207
6865
6252
4871
3885
7191
4209
3253
5145
6164
6936
4398
8445
2598
9248
8402
3517
8587
26
8334
6329
9473
5247
7192
6441
4251
6625
5887
7637
6058
3217
637
5156
7992
869
5769
3725
8625
2163
3041
9378
6724
7580
2661
6351
7447
22
3037
7053
7174
511
5635
7687
468
5659
901
8682
4874
4195
5186
9872
3938
5189
5053
7461
6730
8542
9200
2264
1340
6690
71
1973
3995
1718
3118
3839
3746
1431
8669
843
8359
3441
5575
7521
2839
8968
1151
2666
8425
1654
3640
9444
1991
3233
778
5401
4841
5146
4629
1606
2898
8060
3958
6396
3354
3341
7322
6014
8741
7091
3980
7624
5081
2226
2759
1398
7688
3084
2951
5042
6485
7139
8597
8152
302
2701
8845
1879
3294
102
7072
337
2678
9425
1305
542
5087
8699
4610
4683
9536
8504
1778
5072
111
1051
1899
1782
4021
3554
1356
779
8381
725
2706
3998
4630
4103
8578
5330
988
4840
9849
8282
6389
5262
6675
6946
670
1961
4000
929
5893
5531
7588
4305
4685
3535
3321
5811
133
6626
6933
7548
4658
2106
5621
1547
4748
7256
4508
9102
1352
1144
9907
6457
6655
9284
7655
9703
5394
6325
8676
9193
8894
8256
7456
5350
7430
1044
2596
2585
4886
7253
6531
5578
7099
667
7141
2368
7426
8426
9025
7169
2488
2942
8567
9957
2863
4609
5316
8834
1385
9222
2648
6739
8792
4184
3131
1279
8959
8146
8288
3580
5002
2466
4659
3356
4807
852
4955
9175
6361
1512
9477
7626
6633
699
5754
7746
2551
6064
1507
2132
6484
6663
7388
7641
5569
3188
3105
9923
7483
1456
8705
2179
4339
1695
6823
9767
4827
316
2322
3268
5444
7423
3335
1539
4191
3152
2930
8033
9623
1052
5095
354
6726
3924
9145
2804
2084
1446
2607
7980
9330
590
9227
7382
8043
2237
2674
7259
7866
7847
1592
6934
3583
3345
4472
9054
9894
8531
172
2721
6555
404
3251
2998
5942
1723
4468
8540
5675
7079
1126
782
6419
3522
7064
5538
310
8744
9682
3518
8206
2588
8554
8910
7682
5061
5007
4276
1217
2836
7792
5558
9209
389
7022
9269
3061
9372
9591
403
2524
1253
9217
8735
7997
427
9030
8739
7484
1770
1212
5329
3898
5506
2028
4306
3663
2463
9023
6245
529
2716
1532
7441
8916
9449
4824
6719
1108
8970
6312
5556
4728
8600
3043
7920
5863
6651
7432
9890
9717
9332
225
3912
5138
6755
763
3056
8188
5955
3946
5507
8954
5459
5626
6176
8653
8023
8102
1003
1269
3510
4623
3376
5335
3313
8534
9190
6144
8936
1544
1116
3830
7150
4439
8516
1897
8839
8473
6556
3393
241
3497
4577
8038
4094
6869
4048
7005
5132
6174
8634
83
6609
3642
9680
6032
3716
5486
5125
2572
3953
6925
8881
535
678
3733
9236
7320
2120
6850
7689
1102
3407
9917
2931
9277
2893
7783
2161
193
3597
5577
8782
9228
6796
7695
3610
6977
5842
5574
4941
9381
6669
1683
7584
4923
1436
6242
340
7076
9135
6737
5223
1060
7181
6913
3113
7527
8136
9656
840
7693
8901
4957
1733
6140
723
9262
3837
1854
8729
3966
713
2260
5541
3181
7214
7267
9910
8114
5824
8807
1299
1663
6677
7286
5234
4322
8341
5937
806
2806
923
9201
3130
5096
2201
4226
2756
8281
6229
8076
5367
6350
7614
7486
3166
9774
3896
7595
9631
455
9053
6576
717
4425
2602
9176
9929
5142
6327
2062
3868
4426
5103
8811
4311
3552
347
1303
3599
336
3301
2389
6720
4511
5690
7952
9547
137
6110
700
4995
8607
2472
5989
8474
5030
8186
8246
5721
2432
9700
20
2763
6464
1680
5117
2638
5192
7323
8147
8957
5082
8605
2253
4300
8192
3624
5699
1490
7004
2682
7178
2401
219
9687
1639
9293
5019
2038
8219
6062
1423
265
5682
3072
8005
1429
1174
492
3688
349
4525
1904
1089
4027
6887
7960
110
8411
7067
2330
7776
3525
6213
1548
1016
592
6221
1839
8313
4644
999
2765
5228
5722
4478
7437
9199
3090
9337
9669
5762
7994
964
3604
3985
6935
4375
5976
1419
9126
3697
914
7310
8755
2753
629
5112
4367
684
7113
3426
6206
4614
6728
2143
9510
8462
3433
5448
4988
9652
780
2467
7705
6069
6425
4655
677
5321
7221
9433
8579
4284
7209
4556
9163
9841
2445
2589
6407
5360
754
7345
2631
4214
4310
7880
2936
2967
1694
9635
3161
382
4982
4171
554
2340
9653
7963
3687
6017
2487
5424
9675
3372
21
9485
7016
5743
2841
8367
9491
3387
2622
4809
4327
9261
1551
1473
5209
9585
6527
682
4537
2212
2297
4095
58
8123
2427
2091
5728
4528
7356
4866
3278
7683
4193
203
479
6028
7772
3054
7408
8819
967
3694
5206
9089
9466
722
1161
8989
3678
8747
2059
8518
8277
8155
37
1914
2439
6504
2536
9739
508
1799
6867
2362
2838
6334
5576
6427
902
6971
4692
8252
3570
1587
379
3005
2242
597
8861
817
8838
2733
528
2207
776
6121
1612
9994
6746
3832
5589
8512
9821
8325
6074
9111
4475
2890
7967
1192
3284
5340
3590
660
3918
5184
2714
6212
9538
5804
3838
6632
7289
1015
6521
1054
8172
9231
7380
4700
8983
7674
7947
4232
4637
681
8798
3880
153
9280
1010
607
6227
1912
3468
4519
842
3589
9958
9953
6805
5141
453
5457
9519
3829
2465
9033
7048
4452
6615
319
2422
4922
6987
9290
7337
1260
9312
5586
2530
2325
3210
6853
5290
1104
761
2670
7200
3049
3802
7268
1152
6282
5260
3463
879
6687
470
8352
9535
2534
664
2773
594
4477
671
9252
5755
9647
175
2105
7124
885
3368
4018
4291
7755
3848
4509
9979
8183
9788
5311
8479
3317
1338
5354
4409
9853
5966
7659
9497
603
2924
7846
1361
8569
616
3347
5328
5144
7859
4616
5121
6123
9699
3503
4721
3899
8820
1247
6565
276
5006
384
3714
6423
5750
5662
4386
659
2364
793
6264
3981
4116
6466
5894
854
9038
4570
3281
308
7853
2659
3229
1360
6789
1976
9021
5150
4736
7000
821
5232
5171
6390
4074
7932
8586
1773
3971
2014
9598
2381
7233
545
3129
9975
941
6265
3445
9455
3826
9122
6154
2029
8143
727
1301
5540
2018
5032
2711
7671
9328
4899
5648
6467
1785
5973
2900
3309
3235
1363
4029
6129
2813
3500
4449
2866
9866
4442
5202
1990
7469
2407
7329
4813
2452
848
4964
4680
704
9472
6540
7146
9212
9367
160
5504
7147
8949
3063
2194
2349
3428
2317
7255
295
9557
3846
2327
1076
891
3978
3214
4742
8324
9326
9988
4638
1024
4854
6387
8617
7627
4064
6411
9109
4772
4830
2511
9068
3402
5655
657
9713
3304
3887
9584
8715
7841
9271
3875
1489
5676
9273
53
1521
4788
9727
2583
4953
8662
4924
5751
2191
6507
9568
7606
462
9608
9389
9476
1242
952
9882
2263
9670
2148
7374
2113
622
6181
7164
7190
8858
5010
4751
4143
3224
3990
484
6152
7284
9546
9708
9051
7827
6273
8002
5283
8342
5714
3419
4784
9390
3601
194
1698
7341
1158
2786
1830
4377
9701
17
7720
7528
547
1289
7207
9189
9230
4837
7522
4162
4368
6440
686
7765
4738
2184
7675
2096
7383
9106
8848
6253
5727
3133
7021
6409
364
2880
5837
8153
8536
8592
7419
8062
9735
3952
7737
1629
4936
2311
2798
4741
8209
1677
7019
4681
4865
2214
5514
1747
4542
8691
2516
7863
9756
2724
5004
1783
5368
1974
6972
5137
6421
6370
1125
4177
7991
6774
7258
6785
7900
939
1668
7878
8502
7729
798
1962
7088
499
3155
5527
9617
4089
4296
9594
4007
2437
1892
9059
1439
5231
3852
8898
8394
9112
1372
8997
8198
411
3508
8066
5523
1482
115
9612
1195
6554
7059
8303
1286
7840
4248
676
3769
6620
8424
4930
6035
8947
6717
5265
3307
5386
3844
4243
1321
1927
9418
8767
5883
1758
4420
4980
1055
7578
9618
6057
8491
8966
982
8931
5038
2992
8668
3348
3874
3917
6237
6912
7168
2236
6026
362
421
8686
54
8725
4670
5717
917
9556
9621
4513
297
9683
2251
1546
4385
2888
6525
267
7984
3216
4372
5435
7291
8215
5963
9662
5618
2576
9731
4966
6451
8231
5172
4965
8566
1378
6622
6042
5765
3664
5812
9941
3755
784
9226
8347
5405
9066
5716
7052
158
8777
8521
7396
9667
6226
1459
6452
1476
1789
775
3499
5871
720
5668
4406
5726
9637
5734
7524
6141
490
2775
8510
6453
5581
6302
5524
762
5936
3853
7217
317
8094
7311
5420
1554
3573
6705
1156
7472
1768
2520
3805
9863
730
4416
6051
7636
9283
8338
2725
7334
5723
9158
9605
9566
6126
7898
4126
2039
5371
2739
8383
7543
6704
8004
7555
142
7340
7654
7438
816
1333
7406
5661
9082
8879
86
9316
6902
4897
4541
8823
3762
3847
3291
6696
5615
6033
1261
8170
9432
7464
8753
4563
271
6230
1877
9875
7001
9561
7586
9311
3967
8480
135
2353
8048
353
1368
9347
487
6782
50
7722
6055
7938
8217
1774
1273
4596
1660
2860
9657
1588
5587
4820
7953
3000
1129
5377
4119
5342
947
6722
978
5380
3696
1978
9808
2500
3406
4429
8372
7891
1716
2164
4898
8670
3491
875
5241
6543
3305
6631
5480
4808
8934
3815
2920
9686
120
818
1672
6536
8237
8388
9902
5418
8179
1931
3747
1836
2868
4939
4023
5515
138
1134
1635
6202
159
2494
1410
2975
7590
5375
311
128
3440
6890
5057
4272
5412
416
5972
9475
2948
9633
7602
5980
3074
3931
5198
7167
1399
4962
8942
1133
7702
3895
5281
7756
1690
6297
4158
3349
6516
4915
6225
5343
5268
3025
6405
2955
9000
5073
9301
2144
2605
9518
7544
5902
388
7125
2976
9537
2689
6021
5106
3269
5108
3019
4084
6983
4590
4775
6689
2243
2047
6928
1772
493
96
9986
6375
733
9973
2299
1618
6494
7904
8386
9712
7885
1536
4931
2825
8045
7701
4460
1215
8589
7796
4159
598
2960
9553
9287
9206
2855
4500
2485
6489
1600
4270
437
2204
6560
7690
2118
8109
4169
4361
7563
5479
4393
3361
2901
7015
8964
5544
9224
2128
2341
2595
5325
2740
7883
9008
1709
9057
1071
8470
236
8824
7152
391
2030
9954
1637
7163
8937
7537
1046
3613
8346
5120
9802
1229
8961
3290
3082
8406
9971
1920
9077
926
6060
1764
8796
9154
2011
6648
3123
7640
7129
3724
8547
3996
679
4633
456
4704
3968
6653
8908
8786
6371
4039
1916
4857
2991
113
5826
5414
9900
9540
4793
2744
7761
690
2783
376
7094
9373
9895
1344
6455
6065
4803
2469
8577
4290
6856
7175
9778
1924
6797
3808
7959
9807
7151
6761
9865
2397
3976
3249
3647
424
8645
6422
5080
6693
3563
3900
8210
7825
6468
4204
5637
4224
1824
2131
3163
1138
9760
9835
4165
2150
3299
6765
9420
5162
2285
3813
991
5176
6790
567
9218
2891
8865
5187
474
1139
6093
5838
6924
1309
4013
1801
7189
9419
108
6803
4496
2840
7601
2751
1798
4220
5472
61
3324
2316
2155
1889
2983
1934
1268
4814
1935
965
8452
8801
9967
9119
5280
3388
9715
9131
5058
2468
7471
3102
6883
6844
8996
4846
3789
8289
5430
7
3471
7392
957
9034
1729
4950
3793
6231
5393
3252
1466
5874
2219
1041
4970
1891
6219
9129
5395
7417
1766
1065
836
49
2295
2996
928
1058
3706
435
849
7281
2448
5107
8612
1270
2169
5913
8336
4240
4588
2258
106
4085
985
9492
2478
6045
9024
5409
6930
8856
7283
28
5836
2182
8917
9642
5939
6260
4469
9542
3273
1169
6092
9886
7826
886
7241
5227
7298
4605
8265
9207
5632
8270
392
3760
655
4913
3679
2563
7080
1558
2962
7516
6671
9355
5738
1218
797
2032
5357
575
3581
305
1519
9060
3907
8130
414
5986
1537
1706
2016
6517
68
4493
6611
9081
6406
5199
5970
8321
5210
5155
5880
8455
4106
1560
5700
9474
9362
4850
2429
7249
9560
1062
8355
707
6115
4710
9856
9630
9458
4040
6248
7078
3550
898
6322
9251
4838
4914
5174
6640
425
2358
3375
8991
8548
5934
6775
7721
8696
1688
4168
7699
1603
1324
1124
4575
7927
683
6679
7394
7577
2384
9904
4318
8746
8107
9517
6217
7482
6512
6420
971
8273
5957
7617
3218
5437
4482
7198
4036
8032
1319
5341
2642
1394
7857
2921
980
5628
7415
3526
4764
4996
8939
9784
6908
5959
4155
6295
3595
6082
7444
5026
6954
1141
6917
9413
7948
7824
9761
129
6395
6415
550
7409
8769
4743
7242
6753
9035
579
4579
5376
6068
3004
3758
7713
9906
6778
2033
7834
4911
8268
564
3357
7988
6270
272
3955
6820
5046
3455
4945
5767
3962
9265
4117
9152
210
2225
7942
888
8984
4312
9208
4492
2142
7473
6864
77
1570
5741
5043
5275
7726
1837
5242
3788
2206
8802
8933
3756
6112
7042
8630
9742
242
8632
8297
5885
9169
176
537
802
3337
4391
4581
7210
4726
1634
7889
4349
777
4875
4294
2640
729
8163
8332
5051
8594
7454
9423
8134
2136
8302
296
546
7138
5470
668
5872
4489
475
3457
6307
7118
3939
5875
7397
7056
2160
2019
119
7465
3513
658
7547
9524
3438
6487
1068
2121
3332
2636
2126
7672
8293
8035
1275
9296
4527
5931
5870
7183
3255
5028
1748
2157
3226
7007
4344
8543
9897
2301
3700
3567
332
533
2170
1887
8377
3849
4043
4405
1400
6256
1572
8585
8675
8374
4530
4712
7740
5711
3311
396
4526
8882
1040
9793
8665
57
2705
1343
7818
338
9816
4334
9397
8461
6698
9437
9462
7823
9916
6168
646
4720
2181
3869
3906
2938
6735
8707
8869
1776
6873
8403
9202
42
6426
3872
5287
3828
8756
8770
9416
7393
5831
192
7496
1210
8432
9659
643
5474
7034
2333
975
1380
509
5981
1667
6559
1413
2993
9836
9582
1100
7387
7230
6043
7886
1349
1315
2726
4423
4552
6128
6842
6435
541
1907
3047
5466
2064
2554
8921
6175
7579
876
9899
5798
2949
3110
5944
2026
4343
1354
3169
7800
1357
1393
230
1665
2707
5071
989
9278
8457
1199
7257
8545
8229
4199
1670
1259
6581
6394
3167
3369
9734
6139
6993
961
62
6900
6501
3373
1020
4129
5677
3705
5861
618
1711
5935
6619
7533
6251
7892
1905
2024
527
2885
526
8019
8176
7850
330
9029
5568
6101
6544
5212
9185
9769
9370
2995
2246
2210
799
9434
2977
8946
1567
6138
1983
3536
9530
9772
4983
4004
2013
3882
8006
8059
580
789
760
3560
6048
5671
234
8369
398
3222
6063
5597
9532
8230
5285
4331
4860
4825
33
8226
9047
4904
6022
1863
8558
1850
4484
3018
8067
5131
8500
5542
2972
8948
348
7371
3892
4461
5843
9555
1157
147
2988
2762
9071
769
9404
9344
1258
4443
808
796
1336
1857
2905
7097
3579
460
986
4553
5446
8029
5233
8396
4161
7303
2412
9086
832
8216
3077
2081
4483
3605
6356
7965
6668
4531
3680
2383
1150
1029
1282
6137
3970
4266
9780
823
9469
8459
8233
6204
9513
309
6520
4247
5649
9650
9411
1227
600
5177
7652
7062
8862
525
6846
2458
9182
8759
246
6822
4347
1819
1625
4341
4921
5573
3057
2208
4534
6742
1700
6209
6715
8009
549
698
7002
2073
5428
5873
6835
3585
451
1867
573
3997
705
4987
7587
4646
2153
5543
5239
303
599
7612
6004
6008
1306
7556
8361
934
1097
2375
1110
4503
2997
5926
65
1984
4584
5736
695
3669
3537
3086
4433
4091
6098
9822
7998
4110
1965
3138
709
747
8737
2693
5069
4870
3935
8539
6919
7158
4262
9873
4888
5998
7199
1145
1359
7860
1310
3098
2745
3757
6109
2027
63
2193
955
8086
1121
5949
5040
2175
7576
3201
7605
9192
2679
5056
987
1717
8436
7704
3803
5309
5512
8145
6381
4271
1216
7813
8886
2618
4510
4137
5605
7312
9364
2532
9797
6238
8307
3228
1802
3913
7501
8872
6002
2196
3117
3486
8768
1593
6019
4977
7618
2747
7376
1471
407
6548
6750
1975
5834
8442
5869
5363
7893
8316
2459
7872
5784
9480
5383
1953
3547
4618
7208
3886
1486
7745
8036
8928
3454
6171
5432
3197
2435
5300
3481
5678
6659
3721
6331
3782
9016
3464
6195
4516
7381
6672
1589
3187
9526
4231
1601
5488
1821
5063
7598
413
6305
3449
3693
7497
4666
7184
5123
4999
1204
7945
8847
8300
2079
5630
1347
7647
9645
4960
8667
8596
1756
4796
7395
7218
6309
4560
8833
441
2491
6285
2565
899
6564
8471
9857
5706
7569
1424
2239
6205
8010
5151
7075
7279
1737
9309
4223
9789
7058
6955
9800
3736
2481
5124
9027
647
4200
3196
8301
6522
7937
8475
6183
8151
5481
2794
726
5119
5864
8333
3003
9357
2584
6644
3172
7546
5336
7770
5153
2952
8727
3568
7499
6365
223
3256
5650
4668
5673
6748
9410
9592
8
2061
2082
1681
32
7802
5382
2752
6431
6347
8294
3275
9690
5453
5510
4555
4003
9597
7553
6973
2124
1793
9693
3244
3668
3644
152
1313
3175
5288
2154
5214
636
7735
8492
232
8096
1371
7777
673
9285
9908
8818
1788
7523
576
1180
6957
5014
2808
8652
4791
1744
9115
2002
3881
563
4940
825
2814
3879
1083
5827
9220
7916
3466
1050
1501
9441
5306
7638
5064
3437
2484
7332
2688
3940
1382
3977
278
7460
8201
4225
4055
4895
9138
2982
1483
9168
9893
8877
3227
8248
1752
4254
9534
4573
7239
5254
3157
4548
1122
3949
1030
4415
1246
749
3956
1220
7313
4269
3296
5255
742
255
7987
6830
3551
4118
8158
3432
6465
8363
6874
2757
3622
3365
2796
4160
7338
1334
9935
2852
6288
595
2658
2000
2727
5920
7639
3699
6552
4627
8963
669
8851
1488
1945
4392
6293
3948
1538
6793
5059
572
4572
4025
5055
8720
422
1189
9100
1163
1530
1875
5888
5282
8275
5248
7247
8420
9039
9646
9479
324
1581
3493
6612
3116
1396
7116
2046
946
2994
6505
9070
2060
3950
2633
1422
7413
7226
6752
4749
8549
3418
6639
5698
8384
92
1179
5385
553
7990
6349
4205
4092
8557
1434
8087
8852
6553
5135
4686
9225
1074
8488
5835
1240
5823
4002
8635
5570
5670
4096
134
4512
423
5889
2712
4591
3092
8762
8642
6885
3050
9911
3602
7330
1224
6567
4183
5065
2190
7923
6697
6239
942
7762
6284
5686
5079
6944
2635
1999
3593
1256
4812
4487
9741
9709
3781
6707
2223
5390
1901
4592
1316
3248
1373
3737
5601
4952
3087
6570
9198
4949
1412
3528
9574
7215
8929
3564
3316
9523
4287
7251
3936
7837
4732
5452
1244
6814
918
7562
5687
4122
4088
3231
9915
8654
3986
3410
9310
711
7554
4388
5483
6573
1505
2577
1201
1328
5044
9634
4938
9744
9406
1444
1533
822
3780
9130
9842
9799
1154
5201
638
9329
5109
6784
1219
1061
4861
2209
2606
2442
2557
6601
9464
4234
1816
8098
3856
4491
8138
8535
5273
625
3889
7089
7344
9786
7237
6674
4909
2684
3053
4303
6829
2940
8012
1906
4798
2903
6119
5822
8806
9118
8857
591
3340
7905
6634
7780
1939
9499
1849
34
3154
5152
1196
827
6418
4867
979
3124
1250
5899
3992
5301
7795
8309
6786
1452
4582
2186
8185
9719
8075
601
7354
1414
6133
8520
4828
4315
7912
3527
9961
1302
8028
2276
2291
7105
9909
9340
6546
6190
2200
5351
8308
9049
3484
9805
2217
3919
7301
9747
5878
9529
2457
3069
1190
1475
8126
7706
951
326
7027
2907
4135
4100
6605
8895
476
3524
9087
2790
5985
8538
440
6598
5024
6804
6923
7476
237
6578
2492
4826
4597
4015
2473
8056
5489
3866
4222
6771
9891
8680
2778
5746
5797
9470
8040
1583
768
157
251
7030
3807
7757
5088
7495
4474
9503
1754
9571
1956
281
6743
2619
7855
1545
4699
3093
2050
4989
2872
3835
6250
997
3360
9562
870
2856
715
9159
9565
5919
1031
5552
3177
1543
641
6723
9046
4455
6922
4839
6740
239
3411
4776
3010
1130
2821
9833
4302
8528
3198
8202
6474
6328
1725
7518
7404
8439
8015
8925
7747
1852
7061
9088
202
1099
6372
8552
9067
8458
4320
5553
4098
5890
9685
4463
7203
279
4790
428
4044
6716
7412
3655
3322
8884
7515
9096
5528
292
298
1895
9386
7137
1883
9827
1081
1407
8703
3969
5828
1458
9204
9946
6562
9245
1646
8681
3778
5337
8844
6736
865
1696
2320
3854
7360
8122
1765
7227
6184
6319
6247
7653
5296
5916
9688
4035
8568
4313
2342
6268
6132
9614
3208
6914
7773
9903
9599
867
1148
556
7530
3836
1036
2097
2344
395
5557
2886
2641
9026
1955
7333
9140
6234
7589
2387
1780
6758
9368
5
5862
4071
3704
7861
6608
3444
1384
7935
9341
1732
6754
5389
9181
9186
5563
8427
9948
3822
8200
3821
6473
7549
9996
3391
9490
8104
9925
7442
5664
2134
3180
2043
6898
7868
2077
5701
2268
6903
3473
1284
3915
1858
6866
1257
9533
3160
3327
8507
6414
2122
3744
2056
2831
7769
6156
5183
795
8030
7573
6502
5740
6875
2404
250
8444
8751
4228
9144
3765
3379
7789
524
7293
6044
5195
4900
8781
7513
8481
6376
4787
8074
5244
386
9885
4314
9809
6757
4903
8225
2624
2832
3749
6702
9606
2503
4076
458
2094
3094
7043
5584
6535
7285
6078
3442
4280
6965
9818
7038
5933
3677
1119
6236
5423
5641
5517
7054
5502
3925
2158
2774
5143
7493
4833
3691
9495
2933
3366
4438
82
6291
9240
9422
7570
2800
2677
7843
1392
5478
7839
9896
5272
7046
9921
4684
7831
2614
7730
4397
6493
6086
150
2159
9898
5854
2282
2553
3954
7881
6462
4604
8690
9448
2231
9750
538
522
3927
5027
2363
8863
7232
4268
9831
2474
6636
3338
9927
9443
6278
8969
3023
7870
3675
1925
7457
445
3652
4459
1293
9862
5439
6613
1290
8995
9308
2337
4346
6263
6385
3135
3633
5917
8683
6161
8972
574
7788
8026
4574
685
4485
743
7738
8876
1127
9063
8310
2441
7749
2256
6011
9392
5111
9040
4550
9137
6373
8069
1796
1213
3659
280
1401
3479
9401
4986
6895
3546
570
2522
169
6482
7820
9567
191
1831
4724
7665
2054
2298
7292
5639
9048
8157
38
9380
1214
712
6649
2249
4805
1813
9773
9243
9804
7410
4333
8397
1464
6834
4434
4410
6882
7188
7661
8808
2438
8812
5178
5501
7068
604
1418
8106
908
9658
300
5718
269
7294
1622
5759
8020
8419
2037
39
5820
9968
675
5775
4612
5915
4304
5983
6160
93
3266
1048
981
8815
9343
2015
4889
6953
1252
8893
3816
9661
3478
3390
5991
9045
2390
9162
8414
1066
2559
7386
8909
1064
2599
6992
2571
8941
8249
2950
5245
2550
2482
5571
2110
5314
3867
6780
3909
7278
7666
7981
1946
3353
7520
1200
66
5467
257
4920
9043
7940
1686
1032
8718
1014
3942
426
897
9361
1523
4747
7869
41
8240
9286
3701
1233
9677
6810
3389
9579
6343
828
1807
5852
6036
366
8978
4068
6107
9085
3052
7585
9136
6469
3752
139
5278
2710
8084
8161
962
4734
2416
2795
5720
2772
6103
7804
5790
7295
7060
864
2379
4286
2978
3914
5276
98
5910
2680
4869
2738
9970
7103
8517
6759
7874
5104
1866
6941
5582
2600
4760
6430
8951
3825
4249
4648
4107
8651
4412
7936
510
881
4235
883
5060
9002
4174
2044
35
3965
2125
9456
1004
5865
4400
940
2308
4944
8734
9920
551
4120
7343
732
6985
5000
3614
333
3104
3933
9098
7050
3330
4932
6998
8673
7317
8315
6100
4937
8166
4848
7768
8135
9764
5603
8636
1056
9426
1035
3225
6335
2974
5590
4378
4595
331
4816
9229
6848
889
2250
1417
1113
9305
6214
345
6059
4822
6162
4370
2309
9913
5238
1620
6358
7848
9339
5684
6593
6095
1669
1574
8914
3310
6318
7231
9405
1942
1457
1453
1090
7750
5780
3162
7983
9335
6388
7504
9075
7194
2897
8923
5653
8859
4755
8178
1987
4611
2281
7877
9785
2391
363
2846
8836
9520
7511
6770
4369
447
5952
2220
3035
217
4471
8564
380
791
3211
6845
6984
3071
7009
5097
7488
9759
446
6819
1563
5996
5049
7096
9442
5876
2415
7047
2055
3315
5807
1763
7006
9676
94
7541
5580
5821
3831
2034
9104
6538
6429
3358
3489
1173
7092
495
8493
8940
497
8443
3600
9319
615
6275
420
5547
558
8213
6870
9689
824
1888
3987
649
9817
7458
2374
3039
5503
8468
5979
6582
5914
7599
262
8261
9377
9446
9428
1449
1415
1297
3729
4892
1582
1833
2146
6324
4975
7347
70
4992
1049
7700
4504
7039
3414
5093
5536
3378
2655
9065
8063
8888
8952
3916
3036
5129
3855
2662
154
7450
2869
1727
2691
3495
3408
1101
4163
3446
8911
2528
7474
741
2702
9965
6894
3532
7391
5858
3024
2419
5164
3720
7829
100
8945
2969
6986
2104
7678
953
1465
2672
3801
2365
8263
5817
1330
9995
7032
9815
2695
8399
167
2713
3671
5696
5669
7643
7254
1109
3352
9374
9745
8409
9253
2720
2613
3768
1699
2750
9453
4297
807
8613
8763
9402
5226
7155
9254
2719
2402
4715
2388
1610
9097
6412
7037
2985
6838
9620
3937
1982
4257
6779
788
6731
4635
3308
9295
1317
4985
9770
5943
3323
4675
9080
9616
9668
7754
5539
2834
4050
240
7252
3665
6787
7153
1865
6332
3395
9648
9471
6490
7970
7325
8365
3038
7909
7568
8982
9834
4752
9619
3147
1208
8608
1722
1964
8754
548
7610
9105
5194
5149
4157
1146
1018
4010
6298
9810
19
8412
9671
4245
6172
6607
6635
4835
185
3764
1351
4430
2119
313
2939
7986
5369
4656
1834
3824
9031
8339
9832
6292
199
5090
805
5500
6768
1787
516
3711
8896
126
3420
7716
2440
9058
2699
3480
1226
2406
461
7429
6684
2723
4507
8121
582
6688
2810
8787
1137
5598
7433
5693
3127
7596
6530
5443
8349
5128
755
924
4308
4476
5652
3863
4408
1940
6818
8317
6070
3194
6889
3006
4651
1653
7477
1160
4864
8499
4997
770
8790
6599
408
561
5462
4042
9728
9960
2526
692
3083
672
2597
809
4046
5050
738
4908
1025
3543
2354
3753
880
3059
8223
8981
1339
745
2525
748
4319
9073
6316
6906
8013
7621
7044
8137
8103
7887
4753
7519
1682
6692
3505
8581
3149
7425
6510
8131
3708
1355
7331
9117
1797
5476
7979
4794
5634
9203
7201
4993
3421
4789
9509
8204
7801
7794
9258
498
2617
7422
1552
4719
8007
1017
9457
4800
1236
3703
457
2664
7619
5291
781
8450
884
4533
2020
8749
2812
7797
6574
3297
3626
2643
9627
378
7944
6907
2628
5969
3412
9396
4540
2045
7632
623
4140
7620
7707
3530
5298
1442
5665
4404
3377
5003
2912
4689
9628
9787
4479
5830
5974
8417
7090
3574
3787
6136
3413
6193
3857
6629
4978
4075
8193
4104
3344
4642
2645
8243
8250
4524
5203
8926
6650
3591
4580
1
6015
3277
5221
6975
6851
6446
3911
6024
7069
6134
5988
6224
3279
7365
1958
3417
8287
9732
7339
3891
8055
6815
7290
9859
4754
9498
2780
1472
2851
8860
3715
201
2280
520
8697
7814
954
4568
2884
6363
7663
2057
3667
9183
5860
1845
6777
1427
2984
8175
1304
1540
1746
2946
8203
7933
7531
6391
6682
7160
8712
8638
8140
3331
1627
5463
3487
6438
6416
9323
8466
8440
3021
7581
7154
7109
2729
1749
3541
2874
9887
6518
8305
2735
1832
2092
819
3195
8618
491
1878
371
1720
7914
5753
8922
7557
571
3559
3012
9939
3016
606
932
1564
3140
8622
9615
7379
6135
2541
2008
7503
628
2527
4569
990
5052
9949
463
7710
4456
168
8733
750
3095
2634
4053
6249
2881
587
3723
8615
5469
5774
6041
7742
994
3904
9010
8993
9829
3507
1968
1687
2290
8671
1348
3587
4498
2652
4954
766
5521
4267
2508
4566
6377
8259
8330
8354
156
8524
1659
6233
2698
3519
8241
6009
4778
626
4990
7597
3237
8626
7910
7875
8190
3174
7225
6792
8905
6832
5739
4144
2715
5374
6020
2953
5361
7759
3556
4051
9076
5918
3029
4594
1098
5427
728
5465
2259
6341
1450
7574
2827
5333
868
5640
9250
6272
2376
4227
2141
9179
8609
1496
5294
6323
8196
9846
5031
7623
9998
7213
6401
5009
4956
3672
7014
5643
4546
8855
4624
8526
3774
2414
9830
4544
2369
639
2807
8351
48
6592
2446
8428
6886
2673
6402
7807
2805
3318
5267
9440
9256
73
5667
8120
5742
4872
1298
7743
4432
7467
4674
6749
9288
1255
9139
9338
1602
4082
2552
5077
6812
8401
107
1616
7358
2398
7766
8345
5629
1862
1607
7205
2464
4149
4481
2918
4401
7832
9141
3851
3670
2861
3189
3533
1411
5139
8362
589
2919
8571
9763
4203
7296
6915
4330
4047
6888
7351
5624
8485
4090
534
855
2669
1077
8165
9358
804
2367
4963
195
478
5849
1230
2513
9550
3742
7142
2093
1666
719
7403
2283
6587
3141
4817
7723
5808
7559
2425
4926
4186
6460
1366
8318
3261
7594
5094
6781
3771
7943
4049
7133
5588
8816
8071
1792
1847
4342
6442
2833
1028
3370
3496
3754
6359
9113
7906
5048
4976
8501
773
6841
8433
837
921
9331
4301
8943
8904
2215
5307
9651
1734
9918
2676
6588
5362
8197
2743
5758
2129
7223
2421
2616
5147
3314
2074
697
9803
7157
2022
7728
2935
7041
665
6447
5534
5168
7592
8509
8065
7784
5105
1838
5140
9291
1499
2999
6067
307
6921
841
3091
90
9415
3326
4855
1628
5907
9205
1367
9467
4849
3206
6989
2444
9982
6617
5001
8234
5269
7572
1251
7224
3943
565
7405
7785
7185
1140
136
6656
3106
3731
4335
8813
6486
4739
3820
2221
5045
9324
1515
8955
2222
4329
5490
5484
2102
7724
1896
4499
1626
8366
3884
2101
3409
6315
2447
8267
5403
8873
132
919
8044
4180
619
5585
3453
2690
5562
6950
6479
2053
7071
3934
2844
2385
9932
9937
4045
8822
9848
8529
8637
3964
2323
645
7025
3512
2582
9297
4769
1370
1073
6670
4969
6751
350
1291
794
3051
2687
5947
8803
4166
3502
1755
4233
6995
5182
801
4001
5218
515
4823
2529
6566
6392
2732
7375
197
2265
8868
826
9991
6747
2165
8525
1806
1057
482
4943
2418
5609
1198
7093
7346
4844
2663
1072
9317
1893
8775
9306
2023
3112
9351
9930
2108
6344
8938
7609
4676
7985
7122
8430
8212
1731
1689
7385
1460
8037
1712
5654
7708
3080
544
8553
9672
2188
9214
2123
9980
7736
7166
6038
4099
9387
9762
1167
9103
9438
7744
2471
1650
9704
8809
4731
6580
3656
3477
8080
2768
6996
171
2835
8731
9878
9673
8546
8892
2909
9302
4151
254
1492
5305
