314
617
574
897
473
474
459
429
616
538
903
329
860
701
724
52
117
806
212
769
516
91
498
646
53
28
164
710
276
815
535
65
653
779
412
453
955
260
444
674
338
467
737
634
631
111
565
225
599
640
159
702
624
311
900
250
661
886
275
885
944
978
480
144
718
108
204
143
726
553
264
466
430
602
234
193
982
137
296
690
298
689
504
977
882
380
672
686
697
917
395
357
48
27
202
502
630
664
100
375
696
98
515
650
720
30
317
760
937
552
19
253
896
173
350
29
58
776
870
277
787
809
55
608
148
511
24
3
582
64
261
949
545
732
951
731
979
863
2
103
543
99
183
635
86
507
180
299
641
231
843
447
442
952
825
841
457
586
45
749
606
293
238
463
898
680
965
637
110
310
656
370
455
347
764
267
60
114
206
171
871
406
443
268
439
408
488
916
364
4
107
517
644
127
645
301
394
23
673
708
647
161
861
79
82
94
865
670
496
632
290
422
169
605
434
999
70
280
716
550
435
790
934
402
222
40
478
365
368
15
872
476
462
432
795
754
203
751
682
938
285
5
906
821
113
196
410
585
719
711
881
33
282
997
17
834
862
34
230
685
589
228
950
663
142
274
359
560
622
177
322
964
369
269
199
692
762
288
163
831
448
505
43
477
930
44
87
450
235
783
926
162
341
186
935
214
594
985
805
514
958
56
948
188
808
233
714
18
842
638
803
220
475
189
376
246
523
469
554
105
957
211
681
73
71
344
899
730
501
753
438
723
557
800
826
178
619
546
84
263
308
141
313
63
101
992
388
974
923
874
799
445
555
891
941
924
877
810
102
481
913
424
431
205
37
835
654
909
123
851
132
579
387
590
946
818
451
491
75
271
970
791
967
598
416
668
840
492
652
312
165
932
145
709
20
479
198
542
36
994
201
295
525
615
197
563
166
534
278
244
503
49
316
734
748
655
106
713
832
126
816
93
927
32
600
1000
541
294
901
527
427
528
526
679
706
695
256
418
361
918
986
687
642
705
850
279
914
852
520
76
537
12
742
25
62
757
890
780
876
570
940
675
185
559
721
304
845
551
954
353
547
273
889
758
386
755
379
993
265
968
342
856
237
377
532
104
371
390
814
778
717
836
859
351
482
700
568
89
136
385
593
413
465
236
139
784
300
270
352
6
51
303
318
531
315
219
221
677
325
334
931
703
848
788
330
26
959
867
704
789
983
398
433
151
566
556
472
38
120
750
774
354
121
604
378
765
796
324
562
384
513
792
115
829
83
879
733
393
57
738
61
508
540
651
381
633
561
828
747
996
78
998
292
307
68
772
407
781
578
907
158
355
824
603
348
291
984
8
869
817
989
884
10
770
297
468
241
838
39
887
191
374
683
739
172
960
922
396
426
403
688
976
919
676
880
287
500
456
804
536
157
90
766
822
367
302
743
216
847
69
489
272
223
735
669
643
512
626
945
95
134
428
920
248
207
135
284
321
623
181
333
544
888
771
227
7
215
54
153
729
864
830
210
866
798
340
289
833
209
539
255
956
131
893
184
853
349
811
229
768
636
991
707
973
77
452
373
404
259
858
942
592
868
345
929
625
118
509
97
400
392
92
190
454
823
362
883
785
405
252
712
80
419
383
366
155
678
471
133
14
980
911
564
176
601
399
389
588
239
521
240
666
649
360
699
607
13
226
936
855
611
571
22
981
122
963
35
777
987
124
519
470
567
358
485
140
154
846
254
763
797
573
988
875
569
943
187
597
533
125
518
47
286
401
839
969
21
85
558
96
46
912
873
736
327
745
464
41
794
740
548
150
391
752
802
460
423
659
112
499
50
621
224
305
728
128
618
116
928
756
722
339
382
328
147
583
510
761
414
160
812
591
337
490
953
727
436
819
908
81
200
971
995
306
1
746
892
854
243
326
182
612
529
837
487
486
698
258
584
972
332
947
11
667
323
411
421
168
247
495
786
844
149
658
961
925
657
990
446
575
425
484
74
232
119
524
910
506
580
449
895
793
596
744
939
915
175
66
262
857
356
336
975
691
372
660
648
363
493
773
194
346
849
170
759
693
497
581
283
962
67
494
610
129
921
620
281
878
461
179
335
9
577
614
894
72
905
627
138
213
109
767
146
266
88
827
441
820
242
417
628
217
813
587
684
218
42
409
331
629
397
483
440
192
522
420
595
257
249
343
59
319
694
31
156
415
576
320
251
782
639
933
437
167
174
130
902
966
775
458
715
572
245
208
725
609
309
671
530
16
549
152
801
613
807
195
904
741
665
662
